0 0.4921875 0.3375 0.43515625 0.3671875
0 0.0625 0.45390625 0.125 0.1046875
0 0.46796875 0.89375 0.45625 0.2125
1 0.75546875 0.3234375 0.1421875 0.23828125
1 0.0328125 0.0765625 0.04609375 0.03203125
1 0.42578125 0.034375 0.1296875 0.06875
1 0.028125 0.20078125 0.053125 0.03203125
1 0.06875 0.284375 0.0546875 0.02890625
1 0.14609375 0.43828125 0.0546875 0.053125
1 0.1015625 0.83359375 0.1078125 0.078125
1 0.13046875 0.9421875 0.0625 0.071875
1 0.2125 0.6984375 0.034375 0.0234375
1 0.2828125 0.71484375 0.0265625 0.02578125
1 0.0609375 0.67734375 0.0265625 0.03203125
1 0.11796875 0.69375 0.0609375 0.0703125
1 0.46640625 0.81484375 0.06640625 0.04921875
1 0.57578125 0.68671875 0.0328125 0.03984375
1 0.5828125 0.578125 0.034375 0.03828125
1 0.56015625 0.475 0.04609375 0.034375
1 0.78125 0.521875 0.1140625 0.071875
1 0.8296875 0.63125 0.053125 0.05703125
1 0.7421875 0.59453125 0.05625 0.05078125
1 0.75859375 0.8046875 0.05625 0.0671875
1 0.65703125 0.77890625 0.04140625 0.03984375
1 0.20703125 0.49375 0.0796875 0.0671875
1 0.2796875 0.51640625 0.0828125 0.06328125
1 0.36875 0.5328125 0.0796875 0.05859375
1 0.2953125 0.40078125 0.1203125 0.1203125
1 0.2015625 0.24453125 0.04609375 0.04453125
1 0.18203125 0.16171875 0.03671875 0.02578125
1 0.40703125 0.18359375 0.04609375 0.0296875
1 0.275 0.01171875 0.025 0.0234375
1 0.321875 0.0328125 0.04453125 0.03125
1 0.70078125 0.12265625 0.0265625 0.02734375
1 0.775 0.11484375 0.0546875 0.0703125
1 0.67265625 0.0078125 0.0296875 0.015625
1 0.6578125 0.53984375 0.0328125 0.02890625
1 0.5953125 0.515625 0.03984375 0.0296875
1 0.56328125 0.8640625 0.07421875 0.04609375
1 0.8375 0.9015625 0.084375 0.0421875
1 0.853125 0.95546875 0.059375 0.02890625
1 0.77109375 0.98203125 0.07421875 0.03515625
1 0.590625 0.96796875 0.06640625 0.03828125
1 0.646875 0.93046875 0.0328125 0.04375
1 0.01875 0.88125 0.0375 0.053125
1 0.5765625 0.38671875 0.03125 0.0375
1 0.62734375 0.24453125 0.028125 0.03828125
1 0.3734375 0.1 0.04296875 0.040625
1 0.4578125 0.096875 0.0234375 0.01953125
1 0.171875 0.08984375 0.03671875 0.02578125