0 0.74375 0.2609375 0.36015625 0.5125
0 0.38203125 0.89296875 0.21171875 0.2140625
0 0.1609375 0.84609375 0.2234375 0.10546875
0 0.9015625 0.4375 0.19609375 0.1453125
1 0.26953125 0.6359375 0.0859375 0.046875
1 0.884375 0.91484375 0.0796875 0.06484375
1 0.95078125 0.8140625 0.06953125 0.053125
1 0.9375 0.9625 0.06953125 0.0546875
1 0.76796875 0.71640625 0.06484375 0.046875
1 0.72890625 0.6046875 0.0828125 0.040625
1 0.62578125 0.71953125 0.06796875 0.06171875
1 0.53125 0.86171875 0.03828125 0.04453125
1 0.6453125 0.9328125 0.0546875 0.040625
1 0.51328125 0.92578125 0.06484375 0.04609375
1 0.2265625 0.44609375 0.053125 0.06328125
1 0.4625 0.35390625 0.1109375 0.0609375
1 0.015625 0.26328125 0.028125 0.02734375
1 0.22890625 0.028125 0.04453125 0.0234375
1 0.22265625 0.1890625 0.03828125 0.05859375
1 0.11015625 0.33671875 0.0546875 0.04375
1 0.025 0.96328125 0.04921875 0.0734375
1 0.665625 0.19921875 0.04140625 0.03359375
1 0.728125 0.09140625 0.03828125 0.01953125
1 0.46875 0.11171875 0.034375 0.02265625
1 0.1328125 0.02109375 0.03125 0.02265625
1 0.0203125 0.12265625 0.03828125 0.0296875
1 0.096875 0.10546875 0.03828125 0.02734375
1 0.01484375 0.046875 0.0296875 0.053125
1 0.090625 0.0734375 0.0296875 0.01953125
1 0.04296875 0.2140625 0.03671875 0.0359375
1 0.0546875 0.290625 0.0328125 0.06796875
1 0.09453125 0.2421875 0.0328125 0.0234375
1 0.8953125 0.2109375 0.04140625 0.02734375
1 0.9703125 0.284375 0.059375 0.0734375
1 0.559375 0.45234375 0.09765625 0.09765625
1 0.63046875 0.56640625 0.09765625 0.06328125
1 0.9734375 0.8671875 0.05234375 0.05078125