1 0.04765625 0.3921875 0.06640625 0.04609375
1 0.17421875 0.553125 0.084375 0.04921875
1 0.05625 0.5984375 0.09921875 0.0859375
1 0.48359375 0.6125 0.07109375 0.05234375
1 0.24453125 0.9453125 0.09296875 0.08671875
1 0.84375 0.6859375 0.0515625 0.03984375
1 0.84140625 0.540625 0.12265625 0.0671875
1 0.975 0.6875 0.04921875 0.03359375
1 0.85703125 0.978125 0.0828125 0.04375
1 0.753125 0.425 0.0875 0.09765625
0 0.88359375 0.34140625 0.2328125 0.2875
0 0.68828125 0.87421875 0.25 0.15859375
0 0.45078125 0.8140625 0.15703125 0.0609375