0 0.11171875 0.39453125 0.18671875 0.16640625
0 0.3828125 0.36796875 0.146875 0.24296875
0 0.846875 0.39921875 0.23125 0.1984375
0 0.84921875 0.921875 0.26953125 0.15546875
1 0.59921875 0.515625 0.20703125 0.1015625
1 0.2359375 0.90703125 0.09453125 0.05546875
1 0.45546875 0.91171875 0.0875 0.0609375
1 0.43203125 0.8125 0.09453125 0.0890625
1 0.3296875 0.83046875 0.084375 0.0953125
1 0.2921875 0.96875 0.084375 0.046875
1 0.75625 0.0671875 0.10078125 0.059375
1 0.62890625 0.05078125 0.09453125 0.04921875
1 0.46953125 0.4375 0.05625 0.046875
1 0.1078125 0.69140625 0.0828125 0.090625