1 0.6703125 0.9359375 0.07421875 0.07421875
1 0.64453125 0.834375 0.0859375 0.08203125
1 0.5296875 0.8515625 0.1140625 0.109375
1 0.49140625 0.98125 0.07578125 0.0375
1 0.45078125 0.93203125 0.10390625 0.0609375
1 0.16953125 0.728125 0.0546875 0.04453125
1 0.15703125 0.55625 0.12578125 0.0953125
1 0.3171875 0.69921875 0.06640625 0.09921875
1 0.81796875 0.5390625 0.21640625 0.1078125
0 0.1015625 0.275 0.203125 0.45546875
0 0.3515625 0.3765625 0.2 0.2515625
0 0.70703125 0.3828125 0.24609375 0.2453125