0 0.5734375 0.40390625 0.1359375 0.19609375
0 0.28203125 0.3859375 0.20703125 0.259375
0 0.828125 0.415625 0.21484375 0.18125
0 0.04609375 0.90625 0.0921875 0.128125
1 0.5640625 0.9328125 0.0859375 0.053125
1 0.3125 0.7296875 0.05625 0.0609375
1 0.303125 0.56953125 0.1109375 0.09453125
1 0.41953125 0.33828125 0.09453125 0.0734375
1 0.790625 0.93671875 0.09921875 0.05859375
1 0.77265625 0.83984375 0.10078125 0.08203125
1 0.659375 0.85234375 0.09921875 0.103125
1 0.62109375 0.978125 0.0703125 0.04375
1 0.45078125 0.70390625 0.06484375 0.10078125
1 0.91015625 0.54375 0.1375 0.103125
1 0.37578125 0.1609375 0.08125 0.05703125