0 0.371875 0.56640625 0.3171875 0.32890625
0 0.33046875 0.1203125 0.16875 0.22578125
1 0.15390625 0.5984375 0.0828125 0.06328125
1 0.1296875 0.51875 0.0609375 0.0609375
1 0.0453125 0.5484375 0.090625 0.078125
1 0.0609375 0.665625 0.10546875 0.0796875
1 0.1953125 0.66015625 0.07265625 0.090625
1 0.6796875 0.63359375 0.18203125 0.09921875
1 0.58125 0.09765625 0.07734375 0.19453125
1 0.61640625 0.23671875 0.0796875 0.05234375
1 0.30078125 0.284375 0.06640625 0.04609375
1 0.22421875 0.27109375 0.07421875 0.05859375
1 0.159375 0.24765625 0.07734375 0.05859375
1 0.49140625 0.58125 0.0828125 0.0484375
1 0.62109375 0.45859375 0.0578125 0.06484375