1 0.1 0.70078125 0.0875 0.071875
1 0.63125 0.72265625 0.10234375 0.0609375
1 0.9171875 0.6625 0.16484375 0.09453125
1 0.7046875 0.45234375 0.16875 0.084375
1 0.30859375 0.41953125 0.06796875 0.05234375
1 0.63359375 0.33828125 0.12265625 0.07578125
1 0.24765625 0.2546875 0.06953125 0.03828125
1 0.0375 0.37109375 0.07421875 0.0546875
0 0.66640625 0.15234375 0.1953125 0.3046875
0 0.89609375 0.14453125 0.2078125 0.2765625
0 0.2546875 0.55390625 0.16875 0.1125
0 0.43203125 0.5625 0.1203125 0.08046875