0 0.6421875 0.1796875 0.2296875 0.33203125
0 0.81953125 0.31953125 0.18984375 0.08046875
0 0.93515625 0.33671875 0.1296875 0.0734375
0 0.3734375 0.6171875 0.1421875 0.1078125
0 0.26171875 0.59140625 0.09453125 0.0796875
1 0.29453125 0.43515625 0.07265625 0.04921875
1 0.04296875 0.3828125 0.07578125 0.046875
1 0.1375 0.64765625 0.0859375 0.0546875
1 0.54140625 0.6765625 0.0609375 0.0484375
1 0.56640625 0.38359375 0.1203125 0.078125
1 0.5046875 0.28828125 0.07265625 0.0828125
1 0.42734375 0.20703125 0.1375 0.059375
1 0.70859375 0.61484375 0.0578125 0.0484375
1 0.61171875 0.48046875 0.1359375 0.078125
1 0.85078125 0.56953125 0.0546875 0.05859375
1 0.771875 0.57421875 0.0859375 0.06484375
1 0.85703125 0.6234375 0.06796875 0.03828125
1 0.79765625 0.68125 0.0546875 0.03828125
1 0.8828125 0.68515625 0.0796875 0.05078125
1 0.75859375 0.640625 0.0625 0.04375
1 0.24296875 0.28984375 0.06953125 0.03828125
1 0.05234375 0.084375 0.10390625 0.13359375