0 0.84765625 0.109375 0.21015625 0.21796875
0 0.2078125 0.12265625 0.18046875 0.2453125
0 0.44296875 0.11796875 0.09609375 0.2359375
0 0.05234375 0.14296875 0.10390625 0.2515625
0 0.8265625 0.56015625 0.346875 0.28515625
1 0.11171875 0.696875 0.09453125 0.05234375
1 0.35859375 0.59140625 0.07578125 0.04453125
1 0.4125 0.6265625 0.07109375 0.04375
1 0.46796875 0.6546875 0.0828125 0.03984375
1 0.58125 0.65234375 0.10078125 0.0765625
1 0.54453125 0.57578125 0.06796875 0.0421875
1 0.51484375 0.50859375 0.06796875 0.05703125
1 0.42890625 0.5296875 0.0875 0.07421875
1 0.64453125 0.26328125 0.225 0.08203125
1 0.08984375 0.3109375 0.090625 0.07421875
1 0.184375 0.4265625 0.1765625 0.0890625