0 0.57578125 0.1875 0.278125 0.2640625
0 0.55234375 0.59296875 0.35390625 0.3421875
0 0.96171875 0.62265625 0.0765625 0.0859375
1 0.16796875 0.75234375 0.26953125 0.28359375
1 0.3203125 0.1296875 0.1765625 0.12734375
1 0.2234375 0.5390625 0.10546875 0.1015625
1 0.640625 0.5421875 0.0875 0.06171875
1 0.8109375 0.59765625 0.10390625 0.06953125
1 0.64140625 0.80703125 0.06640625 0.04453125
1 0.7625 0.20859375 0.0890625 0.0734375
1 0.8796875 0.21171875 0.10234375 0.0546875
1 0.93828125 0.253125 0.0578125 0.0296875
1 0.809375 0.278125 0.07734375 0.05078125
1 0.846875 0.34140625 0.06953125 0.0671875
1 0.97734375 0.27734375 0.0453125 0.0546875
1 0.32265625 0.33046875 0.053125 0.05859375