0 0.30078125 0.17109375 0.2015625 0.2359375
0 0.6390625 0.6734375 0.21640625 0.18125
0 0.70625 0.28125 0.27109375 0.18828125
0 0.48671875 0.2203125 0.26640625 0.2046875
1 0.20703125 0.634375 0.0796875 0.04375
1 0.38125 0.63125 0.09453125 0.04921875
1 0.3796875 0.634375 0.06796875 0.0484375
1 0.2421875 0.67578125 0.0578125 0.04921875
1 0.32109375 0.7 0.059375 0.0484375
1 0.41015625 0.70546875 0.0859375 0.06484375
1 0.2828125 0.578125 0.06953125 0.078125
1 0.128125 0.475 0.06484375 0.034375
1 0.453125 0.353125 0.04921875 0.03828125
1 0.48828125 0.37578125 0.07109375 0.03203125
1 0.53828125 0.3984375 0.08125 0.03125
1 0.76875 0.31171875 0.09296875 0.17734375
1 0.1078125 0.13125 0.10234375 0.06171875
1 0.0875 0.36796875 0.0625 0.034375
1 0.02734375 0.30546875 0.0546875 0.0609375
1 0.803125 0.7265625 0.1375 0.10390625