1 0.240625 0.2796875 0.0609375 0.05078125
1 0.28203125 0.30703125 0.06796875 0.0484375
1 0.35 0.32890625 0.06484375 0.046875
1 0.14609375 0.53671875 0.06796875 0.065625
1 0.17421875 0.61171875 0.09765625 0.04375
1 0.04296875 0.5546875 0.0859375 0.09140625
1 0.209375 0.69140625 0.10078125 0.0828125
1 0.09609375 0.6984375 0.0796875 0.0609375
1 0.6140625 0.215625 0.07109375 0.1859375
1 0.6078125 0.35625 0.06484375 0.04609375
1 0.66484375 0.6859375 0.12890625 0.084375
0 0.21328125 0.12734375 0.225 0.24453125
0 0.525 0.18828125 0.21015625 0.190625
0 0.45703125 0.60859375 0.26640625 0.1984375