0 0.35 0.38203125 0.16015625 0.23046875
0 0.115625 0.37421875 0.21796875 0.2890625
0 0.6953125 0.38359375 0.21328125 0.2265625
1 0.43984375 0.93359375 0.09296875 0.05703125
1 0.159375 0.571875 0.1140625 0.0796875
1 0.3296875 0.72734375 0.06796875 0.040625
1 0.3203125 0.671875 0.0515625 0.0296875
1 0.54375 0.87578125 0.07265625 0.06171875
1 0.51953125 0.8296875 0.06640625 0.04921875
1 0.65078125 0.83046875 0.07734375 0.08828125
1 0.4984375 0.98046875 0.0546875 0.0390625
1 0.1703125 0.73125 0.053125 0.05546875
1 0.28515625 0.615625 0.0515625 0.04375
1 0.84921875 0.06796875 0.07734375 0.04375
1 0.740625 0.515625 0.10546875 0.059375
1 0.809375 0.546875 0.1109375 0.05234375
1 0.89453125 0.5734375 0.0859375 0.0609375
1 0.2796875 0.33671875 0.0828125 0.06796875
1 0.21484375 0.17421875 0.04609375 0.05078125
1 0.62265625 0.6984375 0.1078125 0.06796875