1 0.80390625 0.38046875 0.12265625 0.14140625
1 0.8046875 0.25703125 0.12734375 0.10546875
1 0.825 0.515625 0.12890625 0.0671875
1 0.26171875 0.48984375 0.07109375 0.0671875
1 0.32734375 0.51484375 0.10546875 0.05234375
1 0.40859375 0.5390625 0.09609375 0.053125
1 0.2078125 0.43828125 0.0578125 0.053125
1 0.16484375 0.82265625 0.07421875 0.0703125
1 0.1921875 0.92578125 0.10234375 0.065625
1 0.06328125 0.846875 0.08125 0.09140625
1 0.0265625 0.97890625 0.053125 0.04140625
1 0.79453125 0.79453125 0.04765625 0.06328125
0 0.5578125 0.93984375 0.2328125 0.11953125
1 0.64765625 0.95078125 0.03828125 0.0375
1 0.484375 0.046875 0.11875 0.06953125
1 0.3546875 0.0328125 0.090625 0.053125
1 0.071875 0.22265625 0.06484375 0.078125
1 0.87734375 0.90078125 0.07734375 0.04609375
0 0.0984375 0.42109375 0.196875 0.1546875
0 0.5453125 0.39375 0.225 0.2046875