0 0.18984375 0.1140625 0.171875 0.2234375
0 0.04453125 0.19296875 0.0890625 0.08828125
0 0.62734375 0.13046875 0.253125 0.17578125
0 0.59453125 0.50546875 0.30625 0.25703125
1 0.278125 0.64140625 0.06640625 0.053125
1 0.1765625 0.5828125 0.0625 0.0546875
1 0.246875 0.52890625 0.0546875 0.0484375
1 0.22578125 0.49765625 0.04453125 0.03984375
1 0.32578125 0.49140625 0.06953125 0.05234375
1 0.35859375 0.56328125 0.07578125 0.0484375
1 0.3953125 0.63125 0.0859375 0.0765625
1 0.21953125 0.615625 0.053125 0.05546875
1 0.8109375 0.4421875 0.04453125 0.05859375
1 0.803125 0.0875 0.1375 0.175
1 0.82734375 0.2203125 0.090625 0.0609375
1 0.36171875 0.2265625 0.06953125 0.04375
1 0.41640625 0.24453125 0.07578125 0.046875
1 0.4828125 0.26171875 0.053125 0.04453125
1 0.3109375 0.18984375 0.05625 0.04921875