0 0.14609375 0.553125 0.2921875 0.1
0 0.434375 0.146875 0.1078125 0.29375
0 0.66640625 0.1359375 0.1390625 0.271875
0 0.88671875 0.13984375 0.2265625 0.24921875
1 0.11640625 0.41875 0.1078125 0.0484375
1 0.45390625 0.7125 0.090625 0.05859375
1 0.678125 0.6203125 0.0796875 0.04453125
1 0.87578125 0.6125 0.0875 0.0671875
1 0.83515625 0.53203125 0.06953125 0.05703125
1 0.746875 0.55 0.07421875 0.0734375
1 0.91484375 0.68984375 0.10078125 0.084375
1 0.80078125 0.68359375 0.07734375 0.04609375
1 0.7265625 0.653125 0.0609375 0.05078125
1 0.93984375 0.2953125 0.1203125 0.08671875