0 0.36484375 0.18984375 0.44140625 0.2703125
0 0.10234375 0.91171875 0.2046875 0.1765625
0 0.9375 0.94375 0.125 0.11171875
0 0.0421875 0.71171875 0.084375 0.04921875
1 0.43515625 0.49296875 0.0796875 0.08046875
1 0.5171875 0.428125 0.0890625 0.05234375
1 0.66875 0.434375 0.0609375 0.06328125
1 0.67421875 0.4984375 0.0859375 0.046875
1 0.646875 0.56640625 0.0859375 0.05859375
1 0.53125 0.52578125 0.0609375 0.05703125
1 0.43046875 0.96015625 0.1640625 0.0796875
1 0.0375 0.55703125 0.07421875 0.17109375
1 0.60703125 0.34921875 0.16171875 0.05546875
1 0.9515625 0.68828125 0.096875 0.0796875
1 0.5046875 0.7453125 0.05625 0.06953125
1 0.5953125 0.85078125 0.06953125 0.06953125
1 0.4078125 0.84453125 0.0609375 0.05703125
1 0.3015625 0.5453125 0.13046875 0.1390625