0 0.203125 0.37578125 0.221875 0.21796875
0 0.56171875 0.3609375 0.18359375 0.2703125
0 0.92109375 0.365625 0.1578125 0.275
0 0.90859375 0.91796875 0.1828125 0.1640625
0 0.04375 0.43828125 0.0875 0.13984375
1 0.15546875 0.7015625 0.1921875 0.11796875
1 0.34609375 0.92421875 0.090625 0.0671875
1 0.56953125 0.9296875 0.08125 0.05859375
1 0.55 0.82421875 0.09765625 0.078125
1 0.4375 0.84296875 0.09765625 0.0953125
1 0.40078125 0.975 0.0546875 0.05
1 0.0578125 0.55390625 0.109375 0.09296875
1 0.81796875 0.0734375 0.23671875 0.08203125
1 0.6421875 0.4984375 0.09453125 0.05703125
1 0.70703125 0.5265625 0.10078125 0.05859375
1 0.79765625 0.5546875 0.07109375 0.0546875
1 0.18359375 0.603125 0.0625 0.03125