0 0.4203125 0.30234375 0.21484375 0.42265625
0 0.73203125 0.38203125 0.21953125 0.2328125
0 0.90703125 0.42734375 0.1859375 0.1796875
0 0.11015625 0.9171875 0.21953125 0.165625
1 0.04921875 0.64453125 0.0984375 0.1015625
1 0.4078125 0.5703125 0.1203125 0.08203125
1 0.671875 0.9296875 0.10078125 0.06171875
1 0.9078125 0.93984375 0.0859375 0.06171875
1 0.884375 0.84140625 0.0890625 0.0828125
1 0.771875 0.85859375 0.1125 0.11796875
1 0.73671875 0.97734375 0.0609375 0.0453125
1 0.96875 0.52734375 0.0625 0.0671875
1 0.56328125 0.70234375 0.06796875 0.09296875
1 0.446875 0.70078125 0.10078125 0.11875