0 0.10859375 0.13125 0.1671875 0.2625
0 0.3203125 0.1296875 0.13359375 0.23203125
0 0.571875 0.1234375 0.0828125 0.2296875
0 0.91796875 0.1203125 0.16328125 0.1859375
0 0.87265625 0.5875 0.2546875 0.3
1 0.20546875 0.68671875 0.1140625 0.06328125
1 0.1734375 0.30234375 0.10546875 0.071875
1 0.44453125 0.59140625 0.06640625 0.0546875
1 0.53359375 0.64453125 0.12734375 0.06484375
1 0.6734375 0.64296875 0.1109375 0.078125
1 0.634375 0.57578125 0.090625 0.05234375
1 0.6015625 0.496875 0.07578125 0.05546875
1 0.51640625 0.52734375 0.09453125 0.0859375
1 0.725 0.2578125 0.1765625 0.084375
1 0.27265625 0.415625 0.16875 0.08203125
1 0.24765625 0.11015625 0.0796875 0.0671875