0 0.57890625 0.54296875 0.175 0.16875
0 0.61484375 0.67421875 0.12265625 0.14140625
0 0.08125 0.425 0.16171875 0.03828125
1 0.39296875 0.24609375 0.07734375 0.05078125
1 0.20390625 0.3921875 0.1140625 0.0859375
1 0.3109375 0.2515625 0.053125 0.0421875
1 0.38203125 0.34453125 0.1359375 0.0671875
1 0.8234375 0.3109375 0.09609375 0.09765625
1 0.878125 0.78671875 0.12265625 0.078125
1 0.39765625 0.6484375 0.09453125 0.09140625
1 0.46953125 0.95546875 0.12265625 0.08046875
1 0.38046875 0.87578125 0.06640625 0.06484375
1 0.621875 0.10859375 0.05625 0.078125
1 0.68046875 0.04921875 0.09453125 0.0765625
1 0.50078125 0.04765625 0.12578125 0.0859375