1 0.4515625 0.4453125 0.0859375 0.09140625
1 0.1546875 0.64140625 0.07734375 0.053125
1 0.53046875 0.71640625 0.06953125 0.04921875
1 0.79375 0.92265625 0.0828125 0.06484375
1 0.84453125 0.965625 0.0890625 0.06875
1 0.875 0.84296875 0.09921875 0.0953125
1 0.97578125 0.83515625 0.0484375 0.0953125
1 0.67890625 0.696875 0.07734375 0.0890625
1 0.52265625 0.55234375 0.12890625 0.090625
1 0.33984375 0.34765625 0.1640625 0.06328125
1 0.1109375 0.44921875 0.059375 0.06796875
0 0.85078125 0.38046875 0.2984375 0.2453125
0 0.59375 0.25546875 0.26484375 0.49609375
0 0.240625 0.91015625 0.2328125 0.17890625
0 0.0796875 0.86484375 0.1453125 0.09765625