1 0.56171875 0.6015625 0.07109375 0.059375
1 0.253125 0.5421875 0.07578125 0.06171875
1 0.1359375 0.38046875 0.0828125 0.05078125
1 0.49375 0.42890625 0.06484375 0.0546875
1 0.34140625 0.92890625 0.08125 0.09140625
1 0.92734375 0.52109375 0.1125 0.08828125
1 0.9390625 0.66796875 0.09609375 0.115625
1 0.1515625 0.584375 0.09765625 0.08203125
1 0.840625 0.4171875 0.09453125 0.10078125
0 0.54921875 0.796875 0.1484375 0.09296875
0 0.8203125 0.87578125 0.334375 0.16953125
0 0.91953125 0.2421875 0.1609375 0.484375