0 0.56171875 0.43984375 0.2265625 0.1390625
0 0.6140625 0.584375 0.1203125 0.13125
1 0.7984375 0.209375 0.109375 0.09453125
1 0.40234375 0.58828125 0.07734375 0.06328125
1 0.396875 0.82265625 0.06640625 0.05859375
1 0.48203125 0.88515625 0.1171875 0.0796875
1 0.2078125 0.9359375 0.1171875 0.0703125
1 0.8765625 0.6921875 0.11875 0.084375
1 0.6796875 0.31015625 0.0890625 0.0546875
1 0.178125 0.32734375 0.13359375 0.084375
1 0.284375 0.190625 0.0796875 0.05078125
1 0.38671875 0.28828125 0.07265625 0.0609375
1 0.0609375 0.4234375 0.09921875 0.08046875
0 0.06171875 0.37734375 0.1234375 0.0796875