0 0.2390625 0.1390625 0.1171875 0.278125
0 0.075 0.5625 0.15 0.053125
0 0.934375 0.65078125 0.13125 0.1984375
0 0.47890625 0.1328125 0.07421875 0.24296875
0 0.7109375 0.121875 0.1453125 0.24296875
0 0.9765625 0.1140625 0.046875 0.228125
1 0.5453125 0.59921875 0.0796875 0.04453125
1 0.29375 0.7015625 0.12734375 0.0671875
1 0.70390625 0.51640625 0.06484375 0.05859375
1 0.621875 0.534375 0.0859375 0.0796875
1 0.728125 0.584375 0.07109375 0.03828125
1 0.784375 0.66328125 0.10390625 0.07421875
1 0.66328125 0.6625 0.059375 0.04921875
1 0.5953125 0.63671875 0.05625 0.04375
1 0.43515625 0.42578125 0.0625 0.0828125
1 0.2921875 0.3125 0.0875 0.08671875
1 0.35390625 0.1203125 0.06640625 0.08203125
1 0.8359375 0.26484375 0.18671875 0.0859375