0 0.1328125 0.13984375 0.146875 0.253125
0 0.36953125 0.159375 0.25625 0.25703125
0 0.62421875 0.22890625 0.2328125 0.21953125
0 0.58046875 0.63984375 0.340625 0.253125
1 0.09765625 0.6375 0.0890625 0.05234375
1 0.271875 0.5578125 0.0609375 0.059375
1 0.17578125 0.56953125 0.06484375 0.07578125
1 0.28515625 0.63046875 0.06484375 0.06328125
1 0.3234375 0.70546875 0.09453125 0.07421875
1 0.22109375 0.7046875 0.06484375 0.059375
1 0.1484375 0.67734375 0.07265625 0.04375
1 0.36015625 0.32578125 0.05625 0.040625
1 0.4 0.35390625 0.06640625 0.04375
1 0.45625 0.37421875 0.05625 0.03984375
1 0.69921875 0.278125 0.09921875 0.1640625
1 0.684375 0.3953125 0.05625 0.03125
1 0.73046875 0.71796875 0.1359375 0.0890625