0 0.53359375 0.34453125 0.26328125 0.19609375
1 0.42265625 0.5671875 0.09453125 0.0703125
0 0.6109375 0.5390625 0.14375 0.17890625
1 0.15 0.16484375 0.0578125 0.0671875
1 0.2140625 0.13984375 0.0578125 0.0890625
1 0.70859375 0.09140625 0.140625 0.11171875
1 0.5984375 0.8515625 0.109375 0.084375
1 0.928125 0.57109375 0.1203125 0.0953125
1 0.35390625 0.9671875 0.07578125 0.059375
1 0.4921875 0.79765625 0.0609375 0.06484375
1 0.1015625 0.33203125 0.15078125 0.0734375
1 0.253125 0.2453125 0.1484375 0.059375