0 0.4421875 0.17890625 0.23671875 0.32109375
0 0.63046875 0.3296875 0.1375 0.059375
0 0.86171875 0.29140625 0.27578125 0.11640625
0 0.92890625 0.64375 0.1421875 0.23828125
0 0.2515625 0.6265625 0.13203125 0.11796875
0 0.11796875 0.60859375 0.1703125 0.08046875
1 0.1578125 0.453125 0.07109375 0.04609375
1 0.4796875 0.48046875 0.15234375 0.078125
1 0.43984375 0.67421875 0.0828125 0.0546875
1 0.6078125 0.60703125 0.04765625 0.0484375
1 0.64921875 0.62890625 0.0546875 0.03984375
1 0.74375 0.65625 0.171875 0.03828125
1 0.7421875 0.54765625 0.04921875 0.0609375
1 0.66328125 0.55703125 0.06640625 0.06328125
1 0.8890625 0.36484375 0.1734375 0.0703125
1 0.48671875 0.18828125 0.084375 0.07421875
1 0.41953125 0.0203125 0.0578125 0.040625
1 0.42265625 0.384375 0.10078125 0.0890625