0 0.06015625 0.44921875 0.1203125 0.1015625
0 0.490625 0.92578125 0.33203125 0.1484375
0 0.525 0.384375 0.36171875 0.27265625
1 0.2109375 0.49140625 0.090625 0.06171875
1 0.2734375 0.515625 0.10078125 0.046875
1 0.35859375 0.53671875 0.0859375 0.04453125
1 0.103125 0.83828125 0.084375 0.084375
1 0.12890625 0.93984375 0.09296875 0.06171875
1 0.7578125 0.7984375 0.07109375 0.06953125
1 0.60546875 0.96484375 0.053125 0.04921875
1 0.78515625 0.51640625 0.11875 0.06328125
1 0.76640625 0.378125 0.12734375 0.14375
1 0.7234375 0.25546875 0.0515625 0.05234375
1 0.7875 0.2421875 0.09453125 0.0765625
1 0.4484375 0.040625 0.115625 0.08125
1 0.4546875 0.1453125 0.03671875 0.04453125
1 0.29609375 0.02734375 0.10546875 0.0546875
1 0.465625 0.82265625 0.07109375 0.05546875
1 0.8390625 0.90078125 0.084375 0.04609375