0 0.09375 0.5921875 0.18671875 0.078125
0 0.6265625 0.72734375 0.12578125 0.1921875
0 0.67734375 0.83359375 0.09765625 0.17890625
1 0.41796875 0.815625 0.0828125 0.06328125
1 0.61953125 0.27890625 0.0546875 0.06171875
1 0.571875 0.11015625 0.07578125 0.071875
1 0.70625 0.15234375 0.07578125 0.09140625
1 0.83671875 0.4859375 0.13203125 0.10703125
1 0.0578125 0.09140625 0.115625 0.16640625
1 0.4625 0.1546875 0.084375 0.08046875
1 0.50546875 0.23125 0.1078125 0.08046875
1 0.690625 0.046875 0.140625 0.090625
1 0.35078125 0.4640625 0.13203125 0.14296875