0 0.81484375 0.1546875 0.2609375 0.309375
0 0.39453125 0.56640625 0.13046875 0.09765625
0 0.58125 0.57578125 0.18984375 0.10703125
1 0.04765625 0.40859375 0.0953125 0.0640625
1 0.0234375 0.21484375 0.04609375 0.05234375
1 0.415625 0.425 0.090625 0.04921875
1 0.1421875 0.371875 0.06640625 0.04453125
1 0.20390625 0.70546875 0.0875 0.071875
1 0.74296875 0.35078125 0.1109375 0.06484375
1 0.6640625 0.2484375 0.08125 0.09296875
1 0.97109375 0.65703125 0.0578125 0.071875
1 0.74765625 0.74609375 0.09296875 0.05859375