1 0.54765625 0.26015625 0.06953125 0.0859375
1 0.32109375 0.41171875 0.07578125 0.04453125
1 0.17421875 0.62265625 0.07421875 0.0546875
1 0.56328125 0.65625 0.07109375 0.04609375
1 0.7390625 0.59921875 0.04921875 0.0375
1 0.7734375 0.6265625 0.07578125 0.04609375
1 0.80703125 0.5515625 0.07265625 0.0703125
1 0.890625 0.5546875 0.04765625 0.04609375
1 0.825 0.659375 0.053125 0.03828125
1 0.88125 0.60703125 0.0796875 0.03125
1 0.91328125 0.67265625 0.084375 0.04375
1 0.65078125 0.45234375 0.15703125 0.06796875
1 0.5953125 0.35859375 0.09296875 0.08203125
1 0.47421875 0.17109375 0.12578125 0.06484375
1 0.0515625 0.36328125 0.10234375 0.0796875
1 0.0828125 0.046875 0.09296875 0.0859375
0 0.415625 0.584375 0.084375 0.10390625
0 0.2859375 0.56875 0.109375 0.06328125
0 0.68203125 0.17578125 0.25 0.271875
0 0.86796875 0.28984375 0.225 0.0734375
0 0.96015625 0.315625 0.07890625 0.05078125