0 0.05546875 0.73046875 0.07265625 0.12890625
0 0.1453125 0.70078125 0.0640625 0.1140625
0 0.21328125 0.70703125 0.05703125 0.0984375
0 0.296875 0.671875 0.06171875 0.1171875
0 0.36796875 0.70390625 0.06953125 0.1171875
0 0.50390625 0.66953125 0.08046875 0.134375
0 0.61953125 0.68125 0.05625 0.09921875
0 0.68671875 0.66484375 0.07421875 0.13671875
0 0.79453125 0.6609375 0.078125 0.121875
0 0.9234375 0.6453125 0.08671875 0.15390625
0 0.37109375 0.35 0.05078125 0.0875
0 0.18359375 0.3125 0.05703125 0.1