0 0.709375 0.80703125 0.06953125 0.1296875
0 0.28984375 0.45390625 0.040625 0.07109375
0 0.3140625 0.0515625 0.03125 0.05078125
0 0.3109375 0.8390625 0.04765625 0.084375
0 0.3640625 0.79609375 0.03984375 0.08125
0 0.46640625 0.38046875 0.04140625 0.065625
0 0.521875 0.39609375 0.02890625 0.05703125
0 0.62265625 0.38046875 0.03515625 0.053125
0 0.87890625 0.3734375 0.05390625 0.0921875
0 0.0828125 0.39921875 0.0546875 0.096875
0 0.26484375 0.3890625 0.0453125 0.06796875
0 0.3265625 0.390625 0.04609375 0.0828125